Sample	FastQC_mqc-generalstats-fastqc-percent_fails	FastQC_mqc-generalstats-fastqc-percent_duplicates	FastQC_mqc-generalstats-fastqc-median_sequence_length	FastQC_mqc-generalstats-fastqc-total_sequences	FastQC_mqc-generalstats-fastqc-avg_sequence_length	FastQC_mqc-generalstats-fastqc-percent_gc
SRR12885579	18.181818181818183	53.90824817323642	76	37724985.0	76.0	46.0
SRR12885580	9.090909090909092	49.400524748199196	76	44085561.0	76.0	44.0
SRR12885581	18.181818181818183	62.42049589110778	76	29863169.0	76.0	46.0
SRR12885679_1	40.0	79.23995887989487	100	113566480.0	100.0	49.0
SRR12885679_2	50.0	79.11592637624936	100	113566480.0	100.0	49.0
SRR12885688_1	30.0	74.04106886354325	100	110341234.0	100.0	47.0
SRR12885688_2	10.0	74.6894725975205	100	110341234.0	100.0	48.0
SRR12885709_1	20.0	84.61027896190646	100	116747645.0	100.0	45.0
SRR12885709_2	10.0	80.89751168121478	100	116747645.0	100.0	46.0
