Sample	fastqc-percent_duplicates	fastqc-percent_gc	fastqc-avg_sequence_length	fastqc-median_sequence_length	fastqc-percent_fails	fastqc-total_sequences
SRR12885579	53.96247891980868	46.0	74.86192480902054	76	18.181818181818183	37.334904
SRR12885580	49.540264334935216	44.0	74.81031655780791	76	9.090909090909092	43.527657999999995
SRR12885581	62.74035876153407	46.0	75.03629353244578	76	18.181818181818183	29.626407999999998
SRR12885679_1	79.44233003095731	49.0	98.79596582475986	100	30.0	109.252195
SRR12885679_2	79.89315695080228	49.0	98.42890572129924	100	40.0	109.252195
SRR12885688_1	74.02037548478131	47.0	100.0569073244348	100	30.0	106.41464099999999
SRR12885688_2	75.84810177159326	48.0	99.61518825684898	100	10.0	106.41464099999999
SRR12885709_1	84.28753318488253	45.0	99.6372780734771	100	20.0	109.845816
SRR12885709_2	83.54149792348244	46.0	99.08008279532467	100	10.0	109.845816
